lambdaGrand <-
74.3380281690141
deltaGrand <-
9.25
sigdelPrec <-
0.00161475568291657
siglamPrec <-
0.00362916370103329
tauPrec <-
0.4009752
psi <-
0.0877960931582739
phi <-
-0.154425638635623
rho <-
-0.130471403548587
betavec <-
c(0.181020099447462, 0.181020099447462, 0.181020099447462, 0.181020099447462, 
0.181020099447462, 0.181020099447462, 0.181020099447462, 0.181020099447462, 
0.181020099447462, 0.181020099447462, 0.181020099447462, 0.181020099447462, 
0.181020099447462, 0.181020099447462, 0.181020099447462, 0.181020099447462, 
0.181020099447462, 0.181020099447462, 0.181020099447462, 0.181020099447462, 
0.181020099447462, 0.181020099447462, 0.181020099447462, 0.181020099447462, 
0.181020099447462, 0.181020099447462, 0.181020099447462, 0.181020099447462, 
0.181020099447462, 0.181020099447462, 0.181020099447462, 0.181020099447462, 
0.181020099447462, 0.181020099447462, 0.181020099447462, 0.181020099447462, 
0.181020099447462, 0.181020099447462, 0.181020099447462, 0.181020099447462, 
0.181020099447462, 0.181020099447462, 0.181020099447462, 0.181020099447462, 
0.181020099447462, 0.181020099447462, 0.181020099447462, 0.181020099447462, 
0.181020099447462, 0.181020099447462, 0.181020099447462, 0.181020099447462, 
0.181020099447462, 0.181020099447462, 0.181020099447462, 0.181020099447462, 
0.181020099447462, 0.181020099447462, 0.181020099447462, 0.181020099447462, 
0.181020099447462, 0.181020099447462, 0.181020099447462, 0.181020099447462, 
0.181020099447462, 0.181020099447462, 0.181020099447462, 0.181020099447462, 
0.181020099447462, 0.181020099447462, 0.181020099447462, 0.181020099447462, 
0.181020099447462, 0.181020099447462, 0.181020099447462, 0.181020099447462, 
0.181020099447462, 0.181020099447462, 0.181020099447462, 0.181020099447462, 
0.181020099447462, 0.181020099447462, 0.181020099447462, 0.181020099447462, 
0.181020099447462, 0.181020099447462, 0.181020099447462, 0.181020099447462, 
0.181020099447462, 0.181020099447462, 0.181020099447462, 0.181020099447462, 
0.181020099447462, 0.181020099447462, 0.181020099447462, 0.181020099447462, 
0.181020099447462, 0.181020099447462, 0.181020099447462, 0.181020099447462, 
0.181020099447462, 0.181020099447462, 0.181020099447462, 0.181020099447462, 
0.181020099447462, 0.181020099447462, 0.181020099447462, 0.181020099447462, 
0.181020099447462, 0.181020099447462, 0.181020099447462, 0.181020099447462, 
0.181020099447462, 0.181020099447462, 0.181020099447462, 0.181020099447462, 
0.181020099447462, 0.181020099447462, 0.181020099447462, 0.181020099447462, 
0.181020099447462, 0.181020099447462, 0.181020099447462, 0.181020099447462, 
0.181020099447462, 0.181020099447462, 0.181020099447462, 0.181020099447462, 
0.181020099447462, 0.181020099447462, 0.181020099447462, 0.181020099447462, 
0.181020099447462, 0.181020099447462, 0.181020099447462, 0.181020099447462, 
0.181020099447462, 0.181020099447462, 0.181020099447462, 0.181020099447462, 
0.181020099447462, 0.181020099447462, 0.181020099447462, 0.181020099447462, 
0.181020099447462, 0.181020099447462, 0.181020099447462, 0.181020099447462, 
0.181020099447462, 0.181020099447462, 0.181020099447462, 0.181020099447462, 
0.181020099447462, 0.181020099447462, 0.181020099447462, 0.181020099447462, 
0.181020099447462, 0.181020099447462, 0.181020099447462, 0.181020099447462, 
0.181020099447462, 0.181020099447462, 0.181020099447462, 0.181020099447462, 
0.181020099447462, 0.181020099447462, 0.181020099447462, 0.181020099447462, 
0.181020099447462, 0.181020099447462, 0.181020099447462, 0.181020099447462, 
0.181020099447462, 0.181020099447462, 0.181020099447462, 0.181020099447462, 
0.181020099447462, 0.181020099447462, 0.181020099447462, 0.181020099447462, 
0.181020099447462, 0.181020099447462, 0.181020099447462, 0.181020099447462, 
0.181020099447462, 0.181020099447462, 0.181020099447462, 0.181020099447462, 
0.181020099447462, 0.181020099447462, 0.181020099447462, 0.181020099447462, 
0.181020099447462, 0.181020099447462, 0.181020099447462, 0.181020099447462, 
0.181020099447462, 0.181020099447462, 0.181020099447462, 0.181020099447462, 
0.181020099447462, 0.181020099447462, 0.181020099447462, 0.181020099447462, 
0.181020099447462, 0.181020099447462, 0.181020099447462, 0.181020099447462, 
0.181020099447462, 0.181020099447462, 0.181020099447462, 0.181020099447462, 
0.181020099447462)
lamdelvec <-
c(74.3380281690141, 74.3380281690141, 74.3380281690141, 74.3380281690141, 
74.3380281690141, 74.3380281690141, 9.25, 9.25, 9.25, 74.3380281690141, 
74.3380281690141, 74.3380281690141, 74.3380281690141, 74.3380281690141, 
74.3380281690141, 74.3380281690141, 9.25, 9.25, 9.25, 74.3380281690141, 
74.3380281690141, 74.3380281690141, 74.3380281690141, 74.3380281690141, 
74.3380281690141, 74.3380281690141, 74.3380281690141, 74.3380281690141, 
74.3380281690141, 9.25, 9.25, 9.25, 9.25, 9.25, 74.3380281690141, 
74.3380281690141, 74.3380281690141, 74.3380281690141, 74.3380281690141, 
74.3380281690141, 74.3380281690141, 74.3380281690141, 74.3380281690141, 
74.3380281690141, 74.3380281690141, 74.3380281690141, 74.3380281690141, 
74.3380281690141, 9.25, 9.25, 9.25, 9.25, 9.25, 9.25, 74.3380281690141, 
74.3380281690141, 74.3380281690141, 74.3380281690141, 74.3380281690141, 
74.3380281690141, 74.3380281690141, 74.3380281690141, 74.3380281690141, 
74.3380281690141, 74.3380281690141, 74.3380281690141, 74.3380281690141, 
74.3380281690141, 74.3380281690141, 74.3380281690141, 9.25, 9.25, 
9.25, 9.25, 9.25, 9.25, 9.25, 9.25, 74.3380281690141, 74.3380281690141, 
74.3380281690141, 74.3380281690141, 9.25, 9.25, 74.3380281690141, 
74.3380281690141, 74.3380281690141, 74.3380281690141, 74.3380281690141, 
74.3380281690141, 74.3380281690141, 74.3380281690141, 74.3380281690141, 
74.3380281690141, 74.3380281690141, 74.3380281690141, 9.25, 9.25, 
9.25, 9.25, 9.25, 9.25, 74.3380281690141, 74.3380281690141, 74.3380281690141, 
74.3380281690141, 74.3380281690141, 74.3380281690141, 9.25, 9.25, 
74.3380281690141, 74.3380281690141, 74.3380281690141, 74.3380281690141, 
74.3380281690141, 74.3380281690141, 74.3380281690141, 74.3380281690141, 
74.3380281690141, 9.25, 9.25, 9.25, 9.25, 74.3380281690141, 74.3380281690141, 
74.3380281690141, 74.3380281690141, 9.25, 9.25, 74.3380281690141, 
74.3380281690141, 74.3380281690141, 74.3380281690141, 74.3380281690141, 
9.25, 9.25, 74.3380281690141, 74.3380281690141, 74.3380281690141, 
74.3380281690141, 74.3380281690141, 74.3380281690141, 74.3380281690141, 
74.3380281690141, 74.3380281690141, 9.25, 9.25, 9.25, 9.25, 74.3380281690141, 
74.3380281690141, 74.3380281690141, 74.3380281690141, 74.3380281690141, 
74.3380281690141, 74.3380281690141, 74.3380281690141, 74.3380281690141, 
9.25, 9.25, 9.25, 9.25, 74.3380281690141, 74.3380281690141, 74.3380281690141, 
74.3380281690141, 74.3380281690141, 74.3380281690141, 74.3380281690141, 
74.3380281690141, 74.3380281690141, 74.3380281690141, 74.3380281690141, 
9.25, 9.25, 9.25, 9.25, 9.25, 74.3380281690141, 74.3380281690141, 
74.3380281690141, 74.3380281690141, 74.3380281690141, 74.3380281690141, 
9.25, 9.25, 74.3380281690141, 74.3380281690141, 74.3380281690141, 
74.3380281690141, 74.3380281690141, 74.3380281690141, 74.3380281690141, 
74.3380281690141, 74.3380281690141, 74.3380281690141, 74.3380281690141, 
74.3380281690141, 74.3380281690141, 74.3380281690141, 74.3380281690141, 
74.3380281690141, 9.25, 9.25, 9.25, 9.25, 9.25, 9.25, 74.3380281690141, 
74.3380281690141, 74.3380281690141, 74.3380281690141, 74.3380281690141, 
9.25, 9.25, 9.25, 74.3380281690141, 74.3380281690141, 74.3380281690141, 
74.3380281690141, 9.25, 9.25, 74.3380281690141, 74.3380281690141, 
74.3380281690141, 74.3380281690141, 74.3380281690141, 74.3380281690141, 
9.25, 9.25, 9.25, 74.3380281690141, 74.3380281690141, 74.3380281690141, 
74.3380281690141, 74.3380281690141, 74.3380281690141, 74.3380281690141, 
74.3380281690141, 74.3380281690141, 74.3380281690141, 74.3380281690141, 
74.3380281690141, 74.3380281690141, 9.25, 9.25, 9.25, 9.25, 9.25, 
9.25, 74.3380281690141, 74.3380281690141, 74.3380281690141, 74.3380281690141, 
74.3380281690141, 74.3380281690141, 74.3380281690141, 74.3380281690141, 
74.3380281690141, 74.3380281690141, 74.3380281690141, 74.3380281690141, 
74.3380281690141, 74.3380281690141, 9.25, 9.25, 9.25, 9.25, 9.25, 
9.25, 74.3380281690141, 74.3380281690141, 74.3380281690141, 74.3380281690141, 
74.3380281690141, 74.3380281690141, 9.25, 9.25, 9.25, 74.3380281690141, 
74.3380281690141, 74.3380281690141, 74.3380281690141, 74.3380281690141, 
74.3380281690141, 74.3380281690141, 74.3380281690141, 74.3380281690141, 
74.3380281690141, 74.3380281690141, 9.25, 9.25, 9.25, 9.25, 9.25, 
74.3380281690141, 74.3380281690141, 74.3380281690141, 9.25, 9.25, 
74.3380281690141, 74.3380281690141, 74.3380281690141, 74.3380281690141, 
74.3380281690141, 74.3380281690141, 74.3380281690141, 9.25, 9.25, 
9.25)
mud <-
0.12
mum <-
0.12
etam <-
20
etad <-
20
